0	0.000000	1.000000	1.#INF00
1	0.017300	0.982547	56.793055
2	0.034296	0.965094	28.139803
3	0.050988	0.947642	18.585601
4	0.067375	0.930189	13.806081
5	0.083459	0.912736	10.936366
6	0.099239	0.895283	9.021497
7	0.114716	0.877831	7.652204
8	0.129891	0.860378	6.623851
9	0.144764	0.842925	5.822750
10	0.159336	0.825472	5.180687
11	0.173609	0.808019	4.654253
12	0.187582	0.790567	4.214508
13	0.201258	0.773114	3.841413
14	0.214636	0.755661	3.520658
15	0.227719	0.738208	3.241744
16	0.240508	0.720756	2.996800
17	0.253005	0.703303	2.779803
18	0.265209	0.685850	2.586070
19	0.277125	0.668397	2.411902
20	0.288752	0.650944	2.254340
21	0.300093	0.633492	2.110987
22	0.311149	0.616039	1.979883
23	0.321923	0.598586	1.859406
24	0.332417	0.581133	1.748205
25	0.342633	0.563681	1.645145
26	0.352572	0.546228	1.549265
27	0.362238	0.528775	1.459745
28	0.371632	0.511322	1.375883
29	0.380757	0.493869	1.297071
30	0.389616	0.476417	1.222784
31	0.398212	0.458964	1.152563
32	0.406546	0.441511	1.086006
33	0.414621	0.424058	1.022760
34	0.422442	0.406606	0.962513
35	0.430010	0.389153	0.904986
36	0.437328	0.371700	0.849934
37	0.444400	0.354247	0.797136
38	0.451228	0.336794	0.746395
39	0.457817	0.319342	0.697531
40	0.464169	0.301889	0.650386
41	0.470287	0.284436	0.604813
42	0.476176	0.266983	0.560682
43	0.481838	0.249531	0.517872
44	0.487278	0.232078	0.476274
45	0.492498	0.214625	0.435788
46	0.497503	0.197172	0.396324
47	0.502297	0.179719	0.357795
48	0.506882	0.162267	0.320127
49	0.511264	0.144814	0.283247
50	0.515446	0.127361	0.247089
51	0.519432	0.109908	0.211593
52	0.523227	0.092456	0.176703
53	0.526834	0.075003	0.142365
54	0.530258	0.057550	0.108532
55	0.533502	0.040097	0.075158
56	0.536572	0.022644	0.042202
57	0.539472	0.005192	0.009624
58	0.542206	0.012261	0.022613
59	0.544778	0.029714	0.054543
60	0.547193	0.047167	0.086197
61	0.549457	0.064619	0.117606
62	0.551572	0.082072	0.148797
63	0.553544	0.099525	0.179796
64	0.555379	0.116978	0.210627
65	0.557079	0.134431	0.241313
66	0.558651	0.151883	0.271875
67	0.560099	0.169336	0.302332
68	0.561428	0.186789	0.332703
69	0.562643	0.204242	0.363004
70	0.563748	0.221694	0.393251
71	0.564750	0.239147	0.423457
72	0.565652	0.256600	0.453636
73	0.566460	0.274053	0.483799
74	0.567180	0.291506	0.513956
75	0.567815	0.308958	0.544118
76	0.568371	0.326411	0.574292
77	0.568854	0.343864	0.604486
78	0.569268	0.361317	0.634704
79	0.569618	0.378769	0.664953
80	0.569911	0.396222	0.695235
81	0.570151	0.413675	0.725554
82	0.570343	0.431128	0.755910
83	0.570492	0.448581	0.786304
84	0.570605	0.466033	0.816736
85	0.570686	0.483486	0.847202
86	0.570740	0.500939	0.877701
87	0.570772	0.518392	0.908228
88	0.570789	0.535845	0.938778
89	0.570796	0.553297	0.969344
90	0.570797	0.570750	0.999919
91	0.570798	0.588203	1.030493
92	0.570804	0.605656	1.061058
93	0.570821	0.623109	1.091602
94	0.570853	0.640562	1.122112
95	0.570908	0.658015	1.152576
96	0.570988	0.675468	1.182980
97	0.571101	0.692920	1.213307
98	0.571250	0.710373	1.243541
99	0.571442	0.727827	1.273666
100	0.571682	0.745280	1.303661
101	0.571975	0.762733	1.333508
102	0.572326	0.780186	1.363185
103	0.572740	0.797639	1.392673
104	0.573223	0.815093	1.421948
105	0.573779	0.832546	1.450987
106	0.574415	0.850000	1.479766
107	0.575134	0.867453	1.508262
108	0.575943	0.884907	1.536449
109	0.576846	0.902361	1.564301
110	0.577848	0.919815	1.591793
111	0.578955	0.937270	1.618899
112	0.580171	0.954725	1.645590
113	0.581502	0.972180	1.671842
114	0.582952	0.989635	1.697627
115	0.584526	1.007091	1.722918
116	0.586230	1.024547	1.747689
117	0.588067	1.042004	1.771914
118	0.590043	1.059461	1.795566
119	0.592163	1.076919	1.818619
120	0.594431	1.094378	1.841050
121	0.596852	1.111837	1.862834
122	0.599432	1.129298	1.883947
123	0.602173	1.146759	1.904368
124	0.605082	1.164222	1.924073
125	0.608162	1.181686	1.943044
126	0.611419	1.199152	1.961261
127	0.614856	1.216619	1.978705
128	0.618479	1.234088	1.995361
129	0.622291	1.251560	2.011214
130	0.626297	1.269033	2.026249
131	0.630502	1.286510	2.040454
132	0.634909	1.303989	2.053820
133	0.639524	1.321472	2.066337
134	0.644350	1.338959	2.077999
135	0.649392	1.356450	2.088799
136	0.654654	1.373945	2.098735
137	0.660141	1.391446	2.107803
138	0.665855	1.408953	2.116004
139	0.671803	1.426466	2.123339
140	0.677988	1.443986	2.129811
141	0.684414	1.461514	2.135425
142	0.691085	1.479051	2.140186
143	0.698006	1.496597	2.144103
144	0.705181	1.514155	2.147185
145	0.712615	1.531724	2.149442
146	0.720311	1.549307	2.150886
147	0.728274	1.566904	2.151530
148	0.736509	1.584517	2.151388
149	0.745020	1.602148	2.150477
150	0.753811	1.619798	2.148811
151	0.762888	1.637470	2.146410
152	0.772254	1.655165	2.143290
153	0.781916	1.672887	2.139471
154	0.791877	1.690637	2.134973
155	0.802144	1.708418	2.129814
156	0.812721	1.726234	2.124017
157	0.823615	1.744088	2.117602
158	0.834830	1.761983	2.110590
159	0.846372	1.779923	2.103003
160	0.858249	1.797914	2.094862
161	0.870467	1.815958	2.086189
162	0.883032	1.834062	2.077006
163	0.895951	1.852231	2.067335
164	0.909233	1.870471	2.057197
165	0.922885	1.888789	2.046614
166	0.936916	1.907191	2.035605
167	0.951334	1.925685	2.024194
168	0.966150	1.944279	2.012399
169	0.981373	1.962983	2.000242
170	0.997014	1.981807	1.987742
171	1.013085	2.000759	1.974918
172	1.029597	2.019853	1.961789
173	1.046564	2.039100	1.948375
174	1.064000	2.058513	1.934692
175	1.081920	2.078107	1.920758
176	1.100339	2.097897	1.906591
177	1.119275	2.117900	1.892207
178	1.138746	2.138134	1.877621
179	1.158771	2.158617	1.862850
180	1.179372	2.179372	1.847909
181	1.200570	2.200419	1.832812
182	1.222390	2.221784	1.817574
183	1.244858	2.243493	1.802207
184	1.268002	2.265572	1.786727
185	1.291850	2.288053	1.771144
186	1.316436	2.310967	1.755473
187	1.341792	2.334350	1.739726
188	1.367956	2.358237	1.723913
189	1.394966	2.382670	1.708048
190	1.422865	2.407690	1.692142
191	1.451698	2.433344	1.676205
192	1.481513	2.459681	1.660249
193	1.512361	2.486754	1.644285
194	1.544299	2.514619	1.628324
195	1.577384	2.543336	1.612376
196	1.611680	2.572970	1.596452
197	1.647256	2.603591	1.580562
198	1.684183	2.635272	1.564718
199	1.722540	2.668092	1.548929
200	1.762409	2.702137	1.533206
201	1.803878	2.737496	1.517561
202	1.847043	2.774266	1.502004
203	1.892005	2.812551	1.486545
204	1.938871	2.852459	1.471196
205	1.987757	2.894109	1.455967
206	2.038786	2.937627	1.440870
207	2.092089	2.983144	1.425916
208	2.147807	3.030805	1.411116
209	2.206088	3.080760	1.396481
210	2.267091	3.133171	1.382022
211	2.330987	3.188210	1.367751
212	2.397955	3.246061	1.353679
213	2.468188	3.306919	1.339816
214	2.541891	3.370990	1.326174
215	2.619282	3.438497	1.312763
216	2.700592	3.509674	1.299594
217	2.786067	3.584770	1.286677
218	2.875971	3.664050	1.274022
219	2.970581	3.747798	1.261638
220	3.070193	3.836310	1.249534
221	3.175123	3.929907	1.237718
222	3.285704	4.028925	1.226199
223	3.402290	4.133722	1.214982
224	3.525258	4.244678	1.204076
225	3.655008	4.362197	1.193485
226	3.791963	4.486705	1.183214
227	3.936572	4.618655	1.173268
228	4.089311	4.758529	1.163650
229	4.250687	4.906835	1.154363
230	4.421233	5.064111	1.145407
231	4.601516	5.230928	1.136784
232	4.792136	5.407892	1.128493
233	4.993730	5.595641	1.120533
234	5.206969	5.794852	1.112903
235	5.432566	6.006242	1.105599
236	5.671274	6.230568	1.098619
237	5.923889	6.468631	1.091957
238	6.191254	6.721278	1.085608
239	6.474260	6.989403	1.079568
240	6.773846	7.273953	1.073829
241	7.091009	7.575927	1.068385
242	7.426799	7.896380	1.063228
243	7.782325	8.236427	1.058350
244	8.158758	8.597242	1.053744
245	8.557337	8.980070	1.049400
246	8.979366	9.386219	1.045310
247	9.426223	9.817071	1.041464
248	9.899361	10.274086	1.037853
249	10.400312	10.758799	1.034469
250	10.930692	11.272833	1.031301
251	11.492205	11.817896	1.028340
252	12.086647	12.395787	1.025577
253	12.715909	13.008405	1.023002
254	13.381985	13.657748	1.020607
255	14.086974	14.345920	1.018382
256	14.833088	15.075138	1.016318
257	15.622654	15.847734	1.014407
258	16.458122	16.666164	1.012641
259	17.342072	17.533012	1.011010
260	18.277216	18.450996	1.009508
261	19.266410	19.422977	1.008126
262	20.312656	20.451962	1.006858
263	21.419110	21.541113	1.005696
264	22.589091	22.693755	1.004633
265	23.826090	23.913381	1.003664
266	25.133771	25.203664	1.002781
267	26.515989	26.568462	1.001979
268	27.976790	28.011828	1.001252
269	29.520426	29.538017	1.000596
270	31.151361	31.151500	1.000004
271	32.874282	32.856969	0.999473
272	34.694110	34.659351	0.998998
273	36.616009	36.563814	0.998575
274	38.645398	38.575783	0.998199
275	40.787964	40.700949	0.997867
276	43.049669	42.945282	0.997575
277	45.436770	45.315042	0.997321
278	47.955825	47.816794	0.997101
279	50.613713	50.457420	0.996912
280	53.417641	53.244135	0.996752
281	56.375165	56.184498	0.996618
282	59.494202	59.286432	0.996508
283	62.783047	62.558238	0.996419
284	66.250389	66.008609	0.996351
285	69.905328	69.646650	0.996300
286	73.757394	73.481898	0.996265
287	77.816565	77.524334	0.996245
288	82.093286	81.784410	0.996237
289	86.598490	86.273063	0.996242
290	91.343618	91.001738	0.996257
291	96.340640	95.982412	0.996282
292	101.602080	101.227613	0.996314
293	107.141038	106.750445	0.996354
294	112.971213	112.564615	0.996401
295	119.106932	118.684451	0.996453
296	125.563171	125.124937	0.996510
297	132.355588	131.901734	0.996571
298	139.500547	139.031211	0.996636
299	147.015150	146.530475	0.996703
300	154.917263	154.417397	0.996773
301	163.225556	162.710651	0.996845
302	171.959528	171.429741	0.996919
303	181.139544	180.595036	0.996994
304	190.786871	190.227808	0.997070
305	200.923714	200.350266	0.997146
306	211.573253	210.985595	0.997222
307	222.759684	222.157995	0.997299
308	234.508260	233.892724	0.997375
309	246.845332	246.216136	0.997451
310	259.798394	259.155729	0.997526
311	273.396128	272.740190	0.997601
312	287.668451	286.999440	0.997674
313	302.646566	301.964685	0.997747
314	318.363008	317.668466	0.997818
315	334.851702	334.144710	0.997889
316	352.148016	351.428789	0.997958
317	370.288812	369.557570	0.998025
318	389.312513	388.569478	0.998091
319	409.259158	408.504556	0.998156
320	430.170464	429.404525	0.998219
321	452.089894	451.312852	0.998281
322	475.062722	474.274814	0.998341
323	499.136105	498.337570	0.998400
324	524.359150	523.550231	0.998457
325	550.782993	549.963937	0.998513
326	578.460873	577.631929	0.998567
327	607.448215	606.609636	0.998620
328	637.802708	636.954749	0.998671
329	669.584394	668.727314	0.998720
330	702.855754	701.989814	0.998768
331	737.681800	736.807263	0.998814
332	774.130170	773.247302	0.998860
333	812.271222	811.380293	0.998903
334	852.178139	851.279421	0.998945
335	893.927033	893.020798	0.998986
336	937.597050	936.683575	0.999026
337	983.270482	982.350045	0.999064
338	1031.032883	1030.105764	0.999101
339	1080.973188	1080.039670	0.999136
340	1133.183837	1132.244204	0.999171
341	1187.760898	1186.815436	0.999204
342	1244.804202	1243.853200	0.999236
343	1304.417476	1303.461223	0.999267
344	1366.708486	1365.747273	0.999297
345	1431.789179	1430.823299	0.999325
346	1499.775831	1498.805579	0.999353
347	1570.789206	1569.814876	0.999380
348	1644.954710	1643.976600	0.999405
349	1722.402558	1721.420965	0.999430
350	1803.267944	1802.283168	0.999454
351	1887.691214	1886.703554	0.999477
352	1975.818049	1974.827806	0.999499
353	2067.799649	2066.807125	0.999520
354	2163.792929	2162.798426	0.999540
355	2263.960713	2262.964534	0.999560
356	2368.471943	2367.474392	0.999579
357	2477.501889	2476.503269	0.999597
358	2591.232365	2590.232981	0.999614
359	2709.851957	2708.852113	0.999631
360	2833.556255	2832.556255	0.999647
361	2962.548088	2961.548237	0.999663
362	3097.037775	3096.038378	0.999677
363	3237.243380	3236.244741	0.999692
364	3383.390970	3382.393393	0.999705
365	3535.714888	3534.718677	0.999718
366	3694.458034	3693.463492	0.999731
367	3859.872146	3858.879577	0.999743
368	4032.218104	4031.227810	0.999754
369	4211.766230	4210.778512	0.999765
370	4398.796602	4397.811761	0.999776
371	4593.599382	4592.617719	0.999786
372	4796.475149	4795.496962	0.999796
373	5007.735240	5006.760827	0.999805
374	5227.702107	5226.731764	0.999814
375	5456.709682	5455.743706	0.999823
376	5695.103753	5694.142438	0.999831
377	5943.242352	5942.285990	0.999839
378	6201.496150	6200.545033	0.999847
379	6470.248874	6469.303292	0.999854
380	6749.897725	6748.957966	0.999861
381	7040.853817	7039.920167	0.999867
382	7343.542623	7342.615365	0.999874
383	7658.404436	7657.483854	0.999880
384	7985.894848	7984.981222	0.999886
385	8326.485235	8325.578844	0.999891
386	8680.663263	8679.764382	0.999896
387	9048.933404	9048.042307	0.999902
388	9431.817471	9430.934429	0.999906
389	9829.855165	9828.980448	0.999911
390	10243.604642	10242.738516	0.999915
391	10673.643090	10672.785819	0.999920
392	11120.567328	11119.719173	0.999924
393	11584.994424	11584.155643	0.999928
394	12067.562320	12066.733169	0.999931
395	12568.930488	12568.111219	0.999935
396	13089.780597	13088.971461	0.999938
397	13630.817201	13630.018442	0.999941
398	14192.768444	14191.980307	0.999944
399	14776.386789	14775.609514	0.999947
400	15382.449767	15381.683590	0.999950
401	16011.760742	16011.005897	0.999953
402	16665.149705	16664.406421	0.999955
403	17343.474081	17342.742586	0.999958
404	18047.619572	18046.900088	0.999960
405	18778.501005	18777.793751	0.999962
406	19537.063224	19536.368415	0.999964
407	20324.281987	20323.599836	0.999966
408	21141.164906	21140.495620	0.999968
409	21988.752397	21988.096179	0.999970
410	22868.118667	22867.475718	0.999972
411	23780.372724	23779.743239	0.999974
412	24726.659412	24726.043583	0.999975
413	25708.160481	25707.558496	0.999977
414	26726.095681	26725.507723	0.999978
415	27781.723883	27781.150132	0.999979
416	28876.344241	28875.784871	0.999981
417	30011.297372	30010.752553	0.999982
418	31187.966579	31187.436478	0.999983
419	32407.779100	32407.263877	0.999984
420	33672.207391	33671.707204	0.999985
421	34982.770449	34982.285450	0.999986
422	36341.035163	36340.565500	0.999987
423	37748.617707	37748.163522	0.999988
424	39207.184961	39206.746394	0.999989
425	40718.455985	40718.033169	0.999990
426	42284.203514	42283.796577	0.999990
427	43906.255507	43905.864574	0.999991
428	45586.496727	45586.121916	0.999992
429	47326.870367	47326.511792	0.999992
430	49129.379719	49129.037491	0.999993
431	50996.089887	50995.764109	0.999994
432	52929.129536	52928.820308	0.999994
433	54930.692701	54930.400116	0.999995
434	57003.040629	57002.764777	0.999995
435	59148.503681	59148.244645	0.999996
436	61369.483270	61369.241130	0.999996
437	63668.453861	63668.228690	0.999996
438	66047.965015	66047.756882	0.999997
439	68510.643486	68510.452455	0.999997
440	71059.195377	71059.021505	0.999998
441	73696.408341	73696.251682	0.999998
442	76425.153849	76425.014451	0.999998
443	79248.389509	79248.267413	0.999998
444	82169.161442	82169.056687	0.999999
445	85190.606727	85190.519343	0.999999
446	88315.955896	88315.885911	0.999999
447	91548.535501	91548.482935	0.999999
448	94891.770739	94891.735609	1.000000
449	98349.188148	98349.170465	1.000000
450	101924.418369	101924.418137	1.000000
451	105621.198970	105621.216191	1.000000
452	109443.377352	109443.412019	1.000000
453	113394.913717	113394.965820	1.000000
454	117479.884114	117479.953638	1.000001
455	121702.483562	121702.570484	1.000001
456	126067.029243	126067.133538	1.000001
457	130577.963782	130578.085418	1.000001
458	135239.858601	135239.997541	1.000001
459	140057.417358	140057.573559	1.000001
460	145035.479470	145035.652885	1.000001
461	150179.023721	150179.214297	1.000001
462	155493.171954	155493.379633	1.000001
463	160983.192863	160983.417582	1.000001
464	166654.505868	166654.747558	1.000001
465	172512.685079	172512.943667	1.000001
466	178563.463374	178563.738781	1.000002
467	184812.736553	184813.028695	1.000002
468	191266.567607	191266.876395	1.000002
469	197931.191082	197931.516422	1.000002
470	204813.017552	204813.359345	1.000002
471	211918.638191	211918.996333	1.000002
472	219254.829463	219255.203845	1.000002
473	226828.557918	226828.948425	1.000002
474	234646.985098	234647.391612	1.000002
475	242717.472571	242717.894968	1.000002
476	251047.587069	251048.025220	1.000002
477	259645.105757	259645.559529	1.000002
478	268518.021622	268518.490876	1.000002
479	277674.548989	277675.033583	1.000002
480	287123.129163	287123.628949	1.000002
481	296872.436211	296872.951037	1.000002
482	306931.382866	306931.912574	1.000002
483	317309.126579	317309.671009	1.000002
484	328015.075706	328015.634692	1.000002
485	339058.895840	339059.469212	1.000002
486	350450.516288	350451.103871	1.000002
487	362200.136695	362200.738309	1.000002
488	374318.233826	374318.849290	1.000002
489	386815.568501	386816.197626	1.000002
490	399703.192684	399703.835278	1.000002
491	412992.456740	412993.112609	1.000002
492	426695.016858	426695.685800	1.000002
493	440822.842633	440823.524446	1.000002
494	455388.224836	455388.919311	1.000002
495	470403.783344	470404.490270	1.000002
496	485882.475260	485883.194423	1.000001
497	501837.603213	501838.334392	1.000001
498	518282.823841	518283.566814	1.000001
499	535232.156471	535232.911012	1.000001
500	552699.991990	552700.757869	1.000001
501	570701.101915	570701.878899	1.000001
502	589250.647665	589251.435516	1.000001
503	608364.190039	608364.988519	1.000001
504	628057.698909	628058.507774	1.000001
505	648347.563123	648348.382126	1.000001
506	669250.600629	669251.429521	1.000001
507	690784.068824	690784.907353	1.000001
508	712965.675130	712966.523039	1.000001
509	735813.587803	735814.444835	1.000001
510	759346.446979	759347.312873	1.000001
511	783583.375967	783584.250459	1.000001
512	808543.992777	808544.875601	1.000001
513	834248.421917	834249.312803	1.000001
514	860717.306429	860718.205107	1.000001
515	887971.820203	887972.726399	1.000001
516	916033.680547	916034.593984	1.000001
517	944925.161033	944926.081434	1.000001
518	974669.104624	974670.031708	1.000001
519	1005288.937079	1005289.870564	1.000001
520	1036808.680651	1036809.620252	1.000001
521	1069252.968073	1069253.913504	1.000001
522	1102647.056856	1102648.007830	1.000001
523	1137016.843881	1137017.800107	1.000001
524	1172388.880307	1172389.841494	1.000001
525	1208790.386800	1208791.352656	1.000001
526	1246249.269085	1246250.239315	1.000001
527	1284794.133822	1284795.108131	1.000001
528	1324454.304832	1324455.282923	1.000001
529	1365259.839649	1365260.821225	1.000001
530	1407241.546440	1407242.531201	1.000001
531	1450431.001266	1450431.988912	1.000001
532	1494860.565717	1494861.555947	1.000001
533	1540563.404912	1540564.397425	1.000001
534	1587573.505878	1587574.500371	1.000001
535	1635925.696313	1635926.692484	1.000001
536	1685655.663742	1685656.661287	1.000001
537	1736799.975071	1736800.973686	1.000001
538	1789396.096547	1789397.095928	1.000001
539	1843482.414136	1843483.413979	1.000001
540	1899098.254321	1899099.254321	1.000001
541	1956283.905329	1956284.905181	1.000001
542	2015080.638796	2015081.638196	1.000000
543	2075530.731884	2075531.730528	1.000000
544	2137677.489849	2137678.487433	1.000000
545	2201565.269068	2201566.265287	1.000000
546	2267239.500547	2267240.495098	1.000000
547	2334746.713902	2334747.706483	1.000000
548	2404134.561838	2404135.552145	1.000000
549	2475451.845114	2475452.832846	1.000000
550	2548748.538031	2548749.522888	1.000000
551	2624075.814426	2624076.796107	1.000000
552	2701486.074199	2701487.052406	1.000000
553	2781032.970373	2781033.944807	1.000000
554	2862771.436704	2862772.407069	1.000000
555	2946757.715844	2946758.681844	1.000000
556	3033049.388072	3033050.349412	1.000000
557	3121705.400603	3121706.356992	1.000000
558	3212786.097485	3212787.048631	1.000000
559	3306353.250090	3306354.195703	1.000000
560	3402470.088218	3402471.028010	1.000000
561	3501201.331821	3501202.265505	1.000000
562	3602613.223355	3602614.150647	1.000000
563	3706773.560779	3706774.481397	1.000000
564	3813751.731206	3813752.644869	1.000000
565	3923618.745218	3923619.651648	1.000000
566	4036447.271864	4036448.170785	1.000000
567	4152311.674344	4152312.565483	1.000000
568	4271288.046396	4271288.929481	1.000000
569	4393454.249403	4393455.124164	1.000000
570	4518889.950216	4518890.816388	1.000000
571	4647676.659734	4647677.517052	1.000000
572	4779897.772224	4779898.620428	1.000000
573	4915638.605415	4915639.444246	1.000000
574	5054986.441373	5054987.270576	1.000000
575	5198030.568168	5198031.387489	1.000000
576	5344862.322349	5344863.131540	1.000000
577	5495575.132248	5495575.931062	1.000000
578	5650264.562115	5650265.350309	1.000000
579	5809028.357106	5809029.134440	1.000000
580	5971966.489143	5971967.255379	1.000000
581	6139181.203647	6139181.958553	1.000000
582	6310777.067183	6310777.810528	1.000000
583	6486861.015998	6486861.747556	1.000000
584	6667542.405509	6667543.125058	1.000000
585	6852933.060723	6852933.768042	1.000000
586	7043147.327620	7043148.022496	1.000000
587	7238302.125523	7238302.807742	1.000000
588	7438517.000448	7438517.669804	1.000000
589	7643914.179485	7643914.835773	1.000000
590	7854618.626191	7854619.269211	1.000000
591	8070758.097040	8070758.726597	1.000000
592	8292463.198942	8292463.814844	1.000000
593	8519867.447832	8519868.049891	1.000000
594	8753107.328378	8753107.916410	1.000000
595	8992322.354794	8992322.928621	1.000000
596	9237655.132807	9237655.692254	1.000000
597	9489251.422775	9489251.967671	1.000000
598	9747260.203983	9747260.734164	1.000000
599	10011833.740150	10011834.255452	1.000000
600	10283127.646138	10283128.146405	1.000000
601	10561300.955915	10561301.440995	1.000000
602	10846516.191777	10846516.661522	1.000000
603	11138939.434841	11138939.889108	1.000000
604	11438740.396860	11438740.835511	1.000000
605	11746092.493348	11746092.916248	1.000000
606	12061172.918059	12061173.325081	1.000000
607	12384162.718840	12384163.109859	1.000000
608	12715246.874870	12715247.249767	1.000000
609	13054614.375321	13054614.733982	1.000000
610	13402458.299457	13402458.641772	1.000000
611	13758975.898195	13758976.224061	1.000000
612	14124368.677163	14124368.986480	1.000000
613	14498842.481256	14498842.773930	1.000000
614	14882607.580747	14882607.856688	1.000000
615	15275878.758945	15275879.018070	1.000000
616	15678875.401457	15678875.643686	1.000000
617	16091821.587054	16091821.812314	1.000000
618	16514946.180185	16514946.388408	1.000000
619	16948482.925158	16948483.116279	1.000000
620	17392670.542015	17392670.715977	1.000000
621	17847752.824135	17847752.980886	1.000000
622	18313978.737586	18313978.877077	1.000000
623	18791602.522257	18791602.644445	1.000000
624	19280883.794799	19280883.899647	1.000000
625	19782087.653411	19782087.740887	1.000000
626	20295484.784483	20295484.854561	1.000000
627	20821351.571151	20821351.623809	1.000000
628	21359970.203769	21359970.238992	1.000000
629	21911628.792352	21911628.810128	1.000000
630	22476621.481003	22476621.481327	1.000000
631	23055248.564370	23055248.547243	1.000000
632	23647816.606157	23647816.571583	1.000000
633	24254638.559726	24254638.507715	1.000000
634	24876033.890818	24876033.821387	1.000000
635	25512328.702438	25512328.615608	1.000000
636	26163855.861927	26163855.757724	1.000000
637	26830955.130259	26830955.008715	1.000000
638	27513973.293604	27513973.154756	1.000000
639	28213264.297184	28213264.141075	1.000000
640	28929189.381470	28929189.208146	1.000000
641	29662117.220739	29662117.030254	1.000000
642	30412424.064052	30412423.856463	1.000000
643	31180493.878667	31180493.654038	1.000000
644	31966718.495946	31966718.254346	1.000000
645	32771497.759783	32771497.501284	1.000000
646	33595239.677590	33595239.402272	1.000000
647	34438360.573897	34438360.281843	1.000000
648	35301285.246589	35301284.937889	1.000000
649	36184447.125833	36184446.800581	1.000000
650	37088288.435729	37088288.094023	1.000000
651	38013260.358736	38013260.000681	1.000000
652	38959823.202908	38959822.828613	1.000000
653	39928446.571988	39928446.181566	1.000000
654	40919609.538402	40919609.131973	1.000000
655	41933800.819208	41933800.396895	1.000000
656	42971518.955019	42971518.516952	1.000000
657	44033272.491986	44033272.038296	1.000000
658	45119580.166844	45119579.697672	1.000000
659	46230971.095113	46230970.610600	1.000000
660	47367984.962457	47367984.462751	1.000000
661	48531172.219288	48531171.704542	1.000000
662	49721094.278646	49721093.749015	1.000000
663	50938323.717398	50938323.173045	1.000000
664	52183444.480832	52183443.921923	1.000000
665	53457052.090670	53457051.517374	1.000000
666	54759753.856571	54759753.269063	1.000000
667	56092169.091164	56092168.489623	1.000000
668	57454929.328680	57454928.713290	1.000000
669	58848678.547224	58848677.918171	1.000000
670	60274073.394740	60274072.752217	1.000000
671	61731783.418746	61731782.762947	1.000000
672	63222491.299864	63222490.630991	1.000000
673	64746893.089238	64746892.407493	1.000000
674	66305698.449861	66305697.755452	1.000000
675	67899630.901905	67899630.195044	1.000000
676	69529428.072085	69529427.352987	1.000000
677	71195841.947140	71195841.216024	1.000000
678	72899639.131474	72899638.388562	1.000000
679	74641601.109032	74641600.354552	1.000000
680	76422524.509473	76422523.743653	1.000000
681	78243221.378692	78243220.601766	1.000000
682	80104519.453772	80104518.665977	1.000000
683	82007262.442421	82007261.643997	1.000000
684	83952310.306964	83952309.498154	1.000000
685	85940539.552956	85940538.734006	1.000000
686	87972843.522484	87972842.693644	1.000000
687	90050132.692236	90050131.853758	1.000000
688	92173334.976387	92173334.128527	1.000000
689	94343396.034396	94343395.177411	1.000000
690	96561279.583771	96561278.717923	1.000000
691	98827967.717877	98827966.843430	1.000000
692	101144461.228871	101144460.346091	1.000000
693	103511779.935823	103511779.044978	1.000000
694	105930963.018109	105930962.119471	1.000000
695	108403069.354154	108403068.447997	1.000000
696	110929177.865596	110929176.952197	1.000000
697	113510387.866957	113510386.946593	1.000000
698	116147819.420891	116147818.493842	1.000000
699	118842613.699102	118842612.765651	1.000000
700	121595933.349008	121595932.409439	1.000000
701	124408962.866229	124408961.920828	1.000000
702	127282908.972996	127282908.022051	1.000000
703	130219001.002550	130219000.046351	1.000000
704	133218491.289634	133218490.328472	1.000000
705	136282655.567151	136282654.601319	1.000000
706	139412793.369086	139412792.398878	1.000000
707	142610228.439779	142610227.465491	1.000000
708	145876309.149637	145876308.171565	1.000000
709	149212408.917380	149212407.935823	1.000000
710	152619926.638919	152619925.654174	1.000000
711	156100287.122941	156100286.135310	1.000000
712	159654941.533333	159654940.543116	1.000000
713	163285367.838492	163285366.845991	1.000000
714	166993071.267674	166993070.273190	1.000000
715	170779584.774432	170779583.778269	1.000000
716	174646469.507279	174646468.509740	1.000000
717	178595315.287656	178595314.289046	1.000000
718	182627741.095325	182627740.095947	1.000000
719	186745395.561271	186745394.561430	1.000000
720	190949957.468245	190949956.468245	1.000000
