0	0.000000	0.000000	1.#QNAN0
1	0.017452	0.000000	0.000000
2	0.034898	0.000000	0.000000
3	0.052334	0.000000	0.000000
4	0.069754	0.000000	0.000000
5	0.087153	0.000000	0.000000
6	0.104525	0.000000	0.000000
7	0.121866	0.000000	0.000000
8	0.139169	0.000000	0.000000
9	0.156430	0.000000	0.000000
10	0.173643	0.000000	0.000000
11	0.190803	0.000000	0.000000
12	0.207906	0.000000	0.000000
13	0.224945	0.000000	0.000000
14	0.241915	0.000000	0.000000
15	0.258812	0.000000	0.000000
16	0.275629	0.000000	0.000000
17	0.292363	0.000000	0.000000
18	0.309008	0.000000	0.000000
19	0.325559	0.000000	0.000000
20	0.342010	0.000000	0.000000
21	0.358358	0.000000	0.000000
22	0.374596	0.000000	0.000000
23	0.390720	0.000000	0.000000
24	0.406725	0.000000	0.000000
25	0.422607	0.000000	0.000000
26	0.438359	0.000000	0.000000
27	0.453978	0.000000	0.000000
28	0.469459	0.000000	0.000000
29	0.484797	0.000000	0.000000
30	0.499987	0.000000	0.000000
31	0.515024	0.000000	0.000000
32	0.529905	0.000000	0.000000
33	0.544625	0.000000	0.000000
34	0.559178	0.000000	0.000000
35	0.573562	0.000000	0.000000
36	0.587770	0.000000	0.000000
37	0.601800	0.000000	0.000000
38	0.615646	0.000000	0.000000
39	0.629305	0.000000	0.000000
40	0.642772	0.000000	0.000000
41	0.656043	0.000000	0.000000
42	0.669115	0.000000	0.000000
43	0.681982	0.000000	0.000000
44	0.694642	0.000000	0.000000
45	0.707090	0.000000	0.000000
46	0.719323	0.000000	0.000000
47	0.731337	0.000000	0.000000
48	0.743128	0.000000	0.000000
49	0.754693	0.000000	0.000000
50	0.766028	0.000000	0.000000
51	0.777129	0.000000	0.000000
52	0.787994	0.000000	0.000000
53	0.798619	0.000000	0.000000
54	0.809001	0.000000	0.000000
55	0.819136	0.000000	0.000000
56	0.829021	0.000000	0.000000
57	0.838655	0.000000	0.000000
58	0.848032	0.000000	0.000000
59	0.857152	0.000000	0.000000
60	0.866010	0.000000	0.000000
61	0.874604	0.000000	0.000000
62	0.882933	0.000000	0.000000
63	0.890992	0.000000	0.000000
64	0.898780	0.000000	0.000000
65	0.906294	0.000000	0.000000
66	0.913532	0.000000	0.000000
67	0.920491	0.000000	0.000000
68	0.927171	0.000000	0.000000
69	0.933568	0.000000	0.000000
70	0.939680	0.000000	0.000000
71	0.945507	0.000000	0.000000
72	0.951045	0.000000	0.000000
73	0.956294	0.000000	0.000000
74	0.961251	0.000000	0.000000
75	0.965915	0.000000	0.000000
76	0.970286	0.000000	0.000000
77	0.974361	0.000001	0.000001
78	0.978139	0.000001	0.000001
79	0.981619	0.000001	0.000001
80	0.984800	0.000001	0.000001
81	0.987681	0.000001	0.000001
82	0.990261	0.000002	0.000002
83	0.992539	0.000002	0.000002
84	0.994515	0.000002	0.000002
85	0.996188	0.000003	0.000003
86	0.997557	0.000004	0.000004
87	0.998623	0.000004	0.000004
88	0.999384	0.000005	0.000005
89	0.999840	0.000006	0.000006
90	0.999992	0.000008	0.000008
91	0.999839	0.000009	0.000009
92	0.999381	0.000011	0.000011
93	0.998618	0.000014	0.000014
94	0.997551	0.000016	0.000016
95	0.996179	0.000019	0.000020
96	0.994504	0.000023	0.000023
97	0.992525	0.000028	0.000028
98	0.990242	0.000033	0.000033
99	0.987657	0.000039	0.000040
100	0.984770	0.000046	0.000047
101	0.981582	0.000055	0.000056
102	0.978094	0.000065	0.000066
103	0.974305	0.000077	0.000079
104	0.970218	0.000090	0.000093
105	0.965834	0.000106	0.000110
106	0.961152	0.000125	0.000130
107	0.956175	0.000146	0.000153
108	0.950902	0.000171	0.000180
109	0.945337	0.000200	0.000212
110	0.939478	0.000234	0.000249
111	0.933328	0.000272	0.000292
112	0.926888	0.000317	0.000342
113	0.920159	0.000369	0.000401
114	0.913141	0.000428	0.000469
115	0.905836	0.000497	0.000548
116	0.898245	0.000575	0.000640
117	0.890369	0.000665	0.000747
118	0.882208	0.000768	0.000871
119	0.873763	0.000887	0.001015
120	0.865035	0.001022	0.001181
121	0.856023	0.001176	0.001374
122	0.846729	0.001352	0.001597
123	0.837152	0.001553	0.001855
124	0.827292	0.001782	0.002154
125	0.817147	0.002042	0.002499
126	0.806718	0.002337	0.002897
127	0.796002	0.002672	0.003357
128	0.784999	0.003053	0.003889
129	0.773704	0.003483	0.004502
130	0.762117	0.003971	0.005210
131	0.750232	0.004522	0.006027
132	0.738046	0.005144	0.006970
133	0.725553	0.005847	0.008059
134	0.712749	0.006639	0.009315
135	0.699624	0.007531	0.010765
136	0.686173	0.008536	0.012440
137	0.672385	0.009665	0.014375
138	0.658249	0.010934	0.016611
139	0.643754	0.012359	0.019198
140	0.628886	0.013957	0.022194
141	0.613628	0.015748	0.025664
142	0.597965	0.017754	0.029691
143	0.581875	0.019999	0.034370
144	0.565336	0.022509	0.039815
145	0.548324	0.025313	0.046164
146	0.530811	0.028444	0.053585
147	0.512766	0.031936	0.062282
148	0.494154	0.035829	0.072506
149	0.474938	0.040166	0.084571
150	0.455073	0.044994	0.098871
151	0.434514	0.050363	0.115907
152	0.413209	0.056332	0.136328
153	0.391099	0.062962	0.160987
154	0.368121	0.070321	0.191027
155	0.344206	0.078485	0.228016
156	0.319276	0.087534	0.274165
157	0.293246	0.097559	0.332687
158	0.266024	0.108658	0.408452
159	0.237507	0.120937	0.509194
160	0.207584	0.134514	0.647999
161	0.176130	0.149516	0.848894
162	0.143013	0.166083	1.161310
163	0.108086	0.184366	1.705744
164	0.071186	0.204532	2.873197
165	0.032140	0.226761	7.055411
166	-0.009245	0.251249	27.177693
167	-0.053177	0.278212	5.231830
168	-0.099884	0.307880	3.082385
169	-0.149614	0.340508	2.275917
170	-0.202636	0.376370	1.857371
171	-0.259245	0.415766	1.603758
172	-0.319760	0.459020	1.435517
173	-0.384526	0.506484	1.317163
174	-0.453922	0.558540	1.230475
175	-0.528356	0.615601	1.165126
176	-0.608270	0.678117	1.114829
177	-0.694146	0.746573	1.075527
178	-0.786505	0.821496	1.044489
179	-0.885910	0.903454	1.019804
180	-0.992972	0.993065	1.000093
181	-1.108352	1.090993	0.984338
182	-1.232764	1.197958	0.971766
183	-1.366981	1.314739	0.961783
184	-1.511836	1.442174	0.953922
185	-1.668231	1.581170	0.947812
186	-1.837138	1.732704	0.943154
187	-2.019606	1.897832	0.939704
188	-2.216767	2.077690	0.937261
189	-2.429841	2.273503	0.935659
190	-2.660143	2.486591	0.934758
191	-2.909088	2.718375	0.934443
192	-3.178200	2.970385	0.934612
193	-3.469121	3.244267	0.935184
194	-3.783615	3.541790	0.936086
195	-4.123581	3.864859	0.937258
196	-4.491058	4.215517	0.938647
197	-4.888239	4.595964	0.940209
198	-5.317478	5.008558	0.941905
199	-5.781306	5.455834	0.943703
200	-6.282434	5.940511	0.945575
201	-6.823776	6.465505	0.947497
202	-7.408454	7.033944	0.949448
203	-8.039818	7.649183	0.951412
204	-8.721456	8.314815	0.953375
205	-9.457214	9.034691	0.955323
206	-10.251210	9.812935	0.957246
207	-11.107855	10.653960	0.959137
208	-12.031869	11.562491	0.960989
209	-13.028301	12.543585	0.962795
210	-14.102554	13.602647	0.964552
211	-15.260403	14.745458	0.966256
212	-16.508024	15.978198	0.967905
213	-17.852015	17.307468	0.969497
214	-19.299422	18.740321	0.971030
215	-20.857774	20.284288	0.972505
216	-22.535105	21.947409	0.973921
217	-24.339991	23.738265	0.975278
218	-26.281583	25.666010	0.976578
219	-28.369640	27.740407	0.977820
220	-30.614568	29.971868	0.979007
221	-33.027462	32.371488	0.980139
222	-35.620141	34.951095	0.981217
223	-38.405202	37.723287	0.982244
224	-41.396056	40.701481	0.983221
225	-44.606988	43.899963	0.984150
226	-48.053200	47.333941	0.985032
227	-51.750870	51.019596	0.985869
228	-55.717209	54.974143	0.986664
229	-59.970524	59.215892	0.987417
230	-64.530280	63.764311	0.988130
231	-69.417166	68.640094	0.988806
232	-74.653170	73.865233	0.989445
233	-80.261656	79.463092	0.990051
234	-86.267434	85.458488	0.990623
235	-92.696856	91.877773	0.991164
236	-99.577892	98.748923	0.991675
237	-106.940232	106.101628	0.992158
238	-114.815377	113.967393	0.992614
239	-123.236743	122.379639	0.993045
240	-132.239771	131.373808	0.993452
241	-141.862039	140.987479	0.993835
242	-152.143377	151.260488	0.994197
243	-163.126000	162.235050	0.994538
244	-174.854633	173.955894	0.994860
245	-187.376651	186.470396	0.995163
246	-200.742226	199.828732	0.995449
247	-215.004479	214.084024	0.995719
248	-230.219639	229.292502	0.995973
249	-246.447209	245.513675	0.996212
250	-263.750151	262.810502	0.996437
251	-282.195060	281.249583	0.996650
252	-301.852367	300.901351	0.996849
253	-322.796542	321.840275	0.997038
254	-345.106301	344.145075	0.997215
255	-368.864841	367.898949	0.997381
256	-394.160066	393.189802	0.997538
257	-421.084841	420.110500	0.997686
258	-449.737244	448.759124	0.997825
259	-480.220843	479.239241	0.997956
260	-512.644976	511.660191	0.998079
261	-547.125049	546.137382	0.998195
262	-583.782851	582.792601	0.998304
263	-622.746874	621.754344	0.998406
264	-664.152660	663.158152	0.998503
265	-708.143156	707.146973	0.998593
266	-754.869090	753.871536	0.998679
267	-804.489361	803.490739	0.998759
268	-857.171450	856.172064	0.998834
269	-913.091846	912.092001	0.998905
270	-972.436500	971.436500	0.998972
271	-1035.401287	1034.401437	0.999034
272	-1102.192503	1101.193107	0.999093
273	-1173.027372	1172.028735	0.999149
274	-1248.134586	1247.137012	0.999201
275	-1327.754861	1326.758654	0.999250
276	-1412.141526	1411.146989	0.999296
277	-1501.561131	1500.568567	0.999339
278	-1596.294088	1595.303800	0.999380
279	-1696.635337	1695.647626	0.999418
280	-1802.895040	1801.910207	0.999454
281	-1915.399313	1914.417658	0.999487
282	-2034.490979	2033.512801	0.999519
283	-2160.530367	2159.555964	0.999549
284	-2293.896132	2292.925801	0.999577
285	-2434.986122	2434.020158	0.999603
286	-2584.218277	2583.256975	0.999628
287	-2742.031568	2741.075220	0.999651
288	-2908.886975	2907.935873	0.999673
289	-3085.268510	3084.322943	0.999694
290	-3271.684279	3270.744536	0.999713
291	-3468.667596	3467.733962	0.999731
292	-3676.778137	3675.850896	0.999748
293	-3896.603144	3895.682581	0.999764
294	-4128.758690	4127.845083	0.999779
295	-4373.890977	4372.984605	0.999793
296	-4632.677708	4631.778847	0.999806
297	-4905.829507	4904.938431	0.999818
298	-5194.091394	5193.208374	0.999830
299	-5498.244332	5497.369637	0.999841
300	-5819.106827	5818.240724	0.999851
301	-6157.536602	6156.679354	0.999861
302	-6514.432331	6513.584201	0.999870
303	-6890.735455	6889.896700	0.999878
304	-7287.432060	7286.602935	0.999886
305	-7705.554838	7704.735596	0.999894
306	-8146.185128	8145.376018	0.999901
307	-8610.455031	8609.656301	0.999907
308	-9099.549625	9098.761517	0.999913
309	-9614.709250	9613.932004	0.999919
310	-10157.231897	10156.465750	0.999925
311	-10728.475689	10727.720874	0.999930
312	-11329.861458	11329.118206	0.999934
313	-11962.875427	11962.143963	0.999939
314	-12629.071991	12628.352539	0.999943
315	-13330.076615	13329.369394	0.999947
316	-14067.588843	14066.894068	0.999951
317	-14843.385418	14842.703300	0.999954
318	-15659.323531	15658.654278	0.999957
319	-16517.344193	16516.688010	0.999960
320	-17419.475736	17418.832822	0.999963
321	-18367.837448	18367.207999	0.999966
322	-19364.643350	19364.027558	0.999968
323	-20412.206116	20411.604168	0.999971
324	-21512.941141	21512.353220	0.999973
325	-22669.370763	22668.797050	0.999975
326	-23884.128652	23883.569320	0.999977
327	-25159.964351	25159.419571	0.999978
328	-26499.748000	26499.217938	0.999980
329	-27906.475233	27905.960050	0.999982
330	-29383.272255	29382.772108	0.999983
331	-30933.401112	30932.916154	0.999984
332	-32560.265155	32559.795532	0.999986
333	-34267.414706	34266.960563	0.999987
334	-36058.552934	36058.114409	0.999988
335	-37937.541949	37937.119175	0.999989
336	-39908.409113	39908.002219	0.999990
337	-41975.353590	41974.962699	0.999991
338	-44142.753128	44142.378360	0.999992
339	-46415.171092	46414.812561	0.999992
340	-48797.363752	48797.021567	0.999993
341	-51294.287828	51293.962094	0.999994
342	-53911.108315	53910.799131	0.999994
343	-56653.206586	56652.914045	0.999995
344	-59526.188779	59525.912972	0.999995
345	-62535.894497	62535.635506	0.999996
346	-65688.405800	65688.163706	0.999996
347	-68990.056536	68989.831411	0.999997
348	-72447.441982	72447.233895	0.999997
349	-76067.428841	76067.237855	0.999997
350	-79857.165582	79856.991757	0.999998
351	-83824.093149	83823.936536	0.999998
352	-87975.956032	87975.816680	0.999998
353	-92320.813743	92320.691693	0.999999
354	-96867.052672	96866.947962	0.999999
355	-101623.398369	101623.311031	0.999999
356	-106598.928241	106598.858301	0.999999
357	-111803.084688	111803.032169	1.000000
358	-117245.688700	117245.653616	1.000000
359	-122936.953900	122936.936263	1.000000
360	-128887.501092	128887.500907	1.000000
361	-135108.373284	135108.390551	1.000000
362	-141611.051230	141611.085943	1.000000
363	-148407.469501	148407.521651	1.000000
364	-155510.033095	155510.102665	1.000000
365	-162931.634606	162931.721575	1.000001
366	-170685.671973	170685.776314	1.000001
367	-178786.066822	178786.188504	1.000001
368	-187247.283422	187247.422408	1.000001
369	-196084.348270	196084.504517	1.000001
370	-205312.870330	205313.043790	1.000001
371	-214949.061938	214949.252559	1.000001
372	-225009.760406	225009.968131	1.000001
373	-235512.450331	235512.675095	1.000001
374	-246475.286633	246475.528369	1.000001
375	-257917.118366	257917.376998	1.000001
376	-269857.513282	269857.788734	1.000001
377	-282316.783220	282317.075407	1.000001
378	-295316.010303	295316.319135	1.000001
379	-308877.073992	308877.399376	1.000001
380	-323022.679014	323023.020850	1.000001
381	-337776.384189	337776.742374	1.000001
382	-353162.632187	353163.006611	1.000001
383	-369206.780234	369207.170784	1.000001
384	-385935.131807	385935.538363	1.000001
385	-403374.969334	403375.391772	1.000001
386	-421554.587938	421555.026131	1.000001
387	-440503.330254	440503.784067	1.000001
388	-460251.622339	460252.091635	1.000001
389	-480831.010728	480831.495362	1.000001
390	-502274.200643	502274.700470	1.000001
391	-524615.095419	524615.610285	1.000001
392	-547888.837145	547889.366893	1.000001
393	-572131.848591	572132.393060	1.000001
394	-597381.876432	597382.435456	1.000001
395	-623678.035818	623678.609228	1.000001
396	-651060.856329	651061.443949	1.000001
397	-679572.329342	679572.930994	1.000001
398	-709255.956871	709256.572371	1.000001
399	-740156.801894	740157.431055	1.000001
400	-772321.540240	772322.182870	1.000001
401	-805798.514054	805799.169957	1.000001
402	-840637.786891	840638.455868	1.000001
403	-876891.200501	876891.882348	1.000001
404	-914612.433326	914613.127835	1.000001
405	-953857.060770	953857.767729	1.000001
406	-994682.617300	994683.336494	1.000001
407	-1037148.660406	1037149.391616	1.000001
408	-1081316.836494	1081317.579498	1.000001
409	-1127250.948751	1127251.703322	1.000001
410	-1175017.027036	1175017.792944	1.000001
411	-1224683.399866	1224684.176879	1.000001
412	-1276320.768539	1276321.556419	1.000001
413	-1330002.283456	1330003.081963	1.000001
414	-1385803.622707	1385804.431599	1.000001
415	-1443803.072983	1443803.892012	1.000001
416	-1504081.612860	1504082.441778	1.000001
417	-1566722.998548	1566723.837102	1.000001
418	-1631813.852143	1631814.700077	1.000001
419	-1699443.752464	1699444.609520	1.000001
420	-1769705.328545	1769706.194463	1.000000
421	-1842694.355848	1842695.230363	1.000000
422	-1918509.855265	1918510.738110	1.000000
423	-1997254.194995	1997255.085903	1.000000
424	-2079033.195367	2079034.094066	1.000000
425	-2163956.236679	2163957.142895	1.000000
426	-2252136.370144	2252137.283601	1.000000
427	-2343690.432022	2343691.352440	1.000000
428	-2438739.161011	2438740.088112	1.000000
429	-2537407.319004	2537408.252505	1.000000
430	-2639823.815275	2639824.754892	1.000000
431	-2746121.834205	2746122.779651	1.000000
432	-2856438.966617	2856439.917605	1.000000
433	-2970917.344847	2970918.301086	1.000000
434	-3089703.781605	3089704.742805	1.000000
435	-3212949.912767	3212950.878635	1.000000
436	-3340812.344162	3340813.314403	1.000000
437	-3473452.802485	3473453.776805	1.000000
438	-3611038.290425	3611039.268526	1.000000
439	-3753741.246120	3753742.227705	1.000000
440	-3901739.707054	3901740.691822	1.000000
441	-4055217.478500	4055218.466153	1.000000
442	-4214364.306638	4214365.296874	1.000000
443	-4379376.056450	4379377.048968	1.000000
444	-4550454.894525	4550455.889023	1.000000
445	-4727809.476895	4727810.473070	1.000000
446	-4911655.142025	4911656.139573	1.000000
447	-5102214.109088	5102215.107705	1.000000
448	-5299715.681663	5299716.681046	1.000000
449	-5504396.456985	5504397.456828	1.000000
450	-5716500.540881	5716501.540881	1.000000
451	-5936279.768551	5936280.768402	1.000000
452	-6163993.931319	6163994.930718	1.000000
453	-6399911.009514	6399912.008156	1.000000
454	-6644307.411632	6644308.409212	1.000000
455	-6897468.219922	6897469.216137	1.000000
456	-7159687.442575	7159688.437122	1.000000
457	-7431268.272659	7431269.265234	1.000000
458	-7712523.353972	7712524.344273	1.000000
459	-8003775.053987	8003776.041713	1.000000
460	-8305355.744055	8305356.728904	1.000000
461	-8617608.087042	8617609.068715	1.000000
462	-8940885.332592	8940886.310789	1.000000
463	-9275551.620181	9275552.594605	1.000000
464	-9621982.290173	9621983.260526	1.000000
465	-9980564.203049	9980565.169036	1.000000
466	-10351696.067025	10351697.028353	1.000000
467	-10735788.774248	10735789.730623	1.000000
468	-11133265.745776	11133266.696907	1.000000
469	-11544563.285562	11544564.231159	1.000000
470	-11970130.943643	11970131.883419	1.000000
471	-12410431.888768	12410432.822435	1.000000
472	-12865943.290671	12865944.217946	1.000000
473	-13337156.712240	13337157.632840	1.000000
474	-13824578.511793	13824579.425437	1.000000
475	-14328730.255717	14328731.162128	1.000000
476	-14850149.141706	14850150.040607	1.000000
477	-15389388.432849	15389389.323967	1.000000
478	-15947017.902819	15947018.785882	1.000000
479	-16523624.292430	16523625.167170	1.000000
480	-17119811.777823	17119812.643972	1.000000
481	-17736202.450545	17736203.307840	1.000000
482	-18373436.809818	18373437.657997	1.000000
483	-19032174.267251	19032175.106057	1.000000
484	-19713093.664317	19713094.493494	1.000000
485	-20416893.802857	20416894.622152	1.000000
486	-21144293.988939	21144294.798103	1.000000
487	-21896034.590357	21896035.389143	1.000000
488	-22672877.608102	22672878.396267	1.000000
489	-23475607.262112	23475608.039416	1.000000
490	-24305030.591631	24305031.357837	1.000000
491	-25161978.070514	25161978.825389	1.000000
492	-26047304.237815	26047304.981129	1.000000
493	-26961888.344003	26961889.075530	1.000000
494	-27906635.013169	27906635.732686	1.000000
495	-28882474.921574	28882475.628861	1.000000
496	-29890365.492914	29890366.187756	1.000000
497	-30931291.610684	30931292.292870	1.000000
498	-32006266.348012	32006267.017333	1.000000
499	-33116331.715364	33116332.371617	1.000000
500	-34262559.426524	34262560.069509	1.000000
501	-35446051.683245	35446052.312766	1.000000
502	-36667941.979000	36667942.594865	1.000000
503	-37929395.922249	37929396.524271	1.000000
504	-39231612.079667	39231612.667663	1.000000
505	-40575822.839757	40575823.413546	1.000000
506	-41963295.297319	41963295.856728	1.000000
507	-43395332.159224	43395332.704082	1.000000
508	-44873272.671969	44873273.202110	1.000000
509	-46398493.571477	46398494.086740	1.000000
510	-47972410.055660	47972410.555887	1.000000
511	-49596476.780207	49596477.265247	1.000000
512	-51272188.878139	51272189.347843	1.000000
513	-53001083.003622	53001083.457848	1.000000
514	-54784738.400586	54784738.839195	1.000000
515	-56624777.996676	56624778.419535	1.000000
516	-58522869.523096	58522869.930075	1.000000
517	-60480726.660894	60480727.051870	1.000000
518	-62500110.214270	62500110.589124	1.000000
519	-64582829.311487	64582829.670104	1.000000
520	-66730742.633968	66730742.976240	1.000000
521	-68945759.674211	68945760.000033	1.000000
522	-71229842.023103	71229842.332376	1.000000
523	-73585004.687300	73585004.979929	1.000000
524	-76013317.437283	76013317.713180	1.000000
525	-78516906.186768	78516906.445848	1.000000
526	-81097954.404119	81097954.646304	1.000000
527	-83758704.556460	83758704.781675	1.000000
528	-86501459.587156	86501459.795334	1.000000
529	-89328584.427405	89328584.618481	1.000000
530	-92242507.542612	92242507.716529	1.000000
531	-95245722.514329	95245722.671034	1.000000
532	-98340789.658472	98340789.797916	1.000000
533	-101530337.680589	101530337.802730	1.000000
534	-104817065.368960	104817065.473762	1.000000
535	-108203743.326315	108203743.413745	1.000000
536	-111693215.740972	111693215.811003	1.000000
537	-115288402.198225	115288402.250837	1.000000
538	-118992299.532812	118992299.567988	1.000000
539	-122807983.723316	122807983.741046	1.000000
540	-126738611.829374	126738611.829652	1.000000
541	-130787423.972571	130787423.955397	1.000000
542	-134957745.361919	134957745.327299	1.000000
543	-139252988.364857	139252988.312800	1.000000
544	-143676654.624676	143676654.555199	1.000000
545	-148232337.225362	148232337.138485	1.000000
546	-152923722.904782	152923722.800533	1.000000
547	-157754594.317252	157754594.195662	1.000000
548	-162728832.346440	162728832.207546	1.000000
549	-167850418.469685	167850418.313529	1.000000
550	-173123437.174727	173123437.001358	1.000000
551	-178552078.429951	178552078.239420	1.000000
552	-184140640.209197	184140640.001564	1.000000
553	-189893531.072272	189893530.847598	1.000000
554	-195815272.802249	195815272.560603	1.000000
555	-201910503.100738	201910502.842195	1.000000
556	-208183978.342262	208183978.066900	1.000000
557	-214640576.388945	214640576.096847	1.000000
558	-221285299.466703	221285299.157959	1.000000
559	-228123277.104189	228123276.778893	1.000000
560	-235159769.135720	235159768.793971	1.000000
561	-242400168.769485	242400168.411387	1.000000
562	-249850005.722312	249850005.347974	1.000000
563	-257514949.422332	257514949.031868	1.000000
564	-265400812.280868	265400811.874396	1.000000
565	-273513553.034937	273513552.612582	1.000000
566	-281859280.161750	281859279.723640	1.000000
567	-290444255.366616	290444254.912886	1.000000
568	-299274897.145733	299274896.676520	1.000000
569	-308357784.425281	308357783.940727	1.000000
570	-317699660.278369	317699659.778623	1.000000
571	-327307435.721318	327307435.206532	1.000000
572	-337188193.590857	337188193.061187	1.000000
573	-347349192.503783	347349191.959391	1.000000
574	-357797870.900727	357797870.341779	1.000000
575	-368541851.175618	368541850.602284	1.000000
576	-379588943.892546	379588943.305001	1.000000
577	-390947152.091683	390947151.490105	1.000000
578	-402624675.686016	402624675.070589	1.000000
579	-414629915.950608	414629915.321519	1.000000
580	-426971480.106210	426971479.463652	1.000000
581	-439658185.998998	439658185.343165	1.000000
582	-452699066.878311	452699066.209404	1.000000
583	-466103376.274250	466103375.592471	1.000000
584	-479880592.977058	479880592.282616	1.000000
585	-494040426.120211	494040425.413318	1.000000
586	-508592820.369224	508592819.650094	1.000000
587	-523547961.218142	523547960.486994	1.000000
588	-538916280.395807	538916279.652865	1.000000
589	-554708461.383946	554708460.629435	1.000000
590	-570935445.049222	570935444.283373	1.000000
591	-587608435.391381	587608434.614426	1.000000
592	-604738905.409708	604738904.621885	1.000000
593	-622338603.089990	622338602.291539	1.000000
594	-640419557.514294	640419556.705457	1.000000
595	-658994085.095811	658994084.276835	1.000000
596	-678074795.941167	678074795.112301	1.000000
597	-697674600.342529	697674599.504026	1.000000
598	-717806715.401990	717806714.554105	1.000000
599	-738484671.790627	738484670.933619	1.000000
600	-759722320.644823	759722319.778952	1.000000
601	-781533840.602306	781533839.727837	1.000000
602	-803933744.980605	803933744.097803	1.000000
603	-826936889.100447	826936888.209581	1.000000
604	-850558477.756878	850558476.858220	1.000000
605	-874814072.840750	874814071.934574	1.000000
606	-899719601.113413	899719600.199995	1.000000
607	-925291362.137359	925291361.216976	1.000000
608	-951546036.365765	951546035.438698	1.000000
609	-978500693.393755	978500692.460287	1.000000
610	-1006172800.374436	1006172799.434851	1.000000
611	-1034580230.602625	1034580229.657209	1.000000
612	-1063741272.269412	1063741271.318453	1.000000
613	-1093674637.390590	1093674636.434377	1.000000
614	-1124399470.912193	1124399469.951018	1.000000
615	-1155935359.996273	1155935359.030429	1.000000
616	-1188302343.490256	1188302342.520037	1.000000
617	-1221520921.583161	1221520920.608862	1.000000
618	-1255612065.652032	1255612064.673951	1.000000
619	-1290597228.302101	1290597227.320535	1.000000
620	-1326498353.604033	1326498352.619281	1.000000
621	-1363337887.531955	1363337886.544317	1.000000
622	-1401138788.605715	1401138787.615491	1.000000
623	-1439924538.741165	1439924537.748658	1.000000
624	-1479719154.312073	1479719153.317585	1.000000
625	-1520547197.427549	1520547196.431382	1.000000
626	-1562433787.428713	1562433786.431172	1.000000
627	-1605404612.608642	1605404611.610029	1.000000
628	-1649485942.159405	1649485941.160025	1.000000
629	-1694704638.350385	1694704637.350543	1.000000
630	-1741088168.941814	1741088167.941814	1.000000
631	-1788664619.837846	1788664618.837992	1.000000
632	-1837462707.983232	1837462706.983830	1.000000
633	-1887511794.508059	1887511793.509413	1.000000
634	-1938841898.124746	1938841897.127160	1.000000
635	-1991483708.781905	1991483707.785682	1.000000
636	-2045468601.579394	2045468600.584838	1.000000
637	-2100828650.949313	2100828649.956727	1.000000
638	-2157596645.107429	2157596644.117115	1.000000
639	-2215806100.779898	2215806099.792159	1.000000
640	-2275491278.209945	2275491277.225081	1.000000
641	-2336687196.449522	2336687195.467832	1.000000
642	-2399429648.940719	2399429647.962503	1.000000
643	-2463755219.392162	2463755218.417718	1.000000
644	-2529701297.955283	2529701296.984907	1.000000
645	-2597306097.705876	2597306096.739864	1.000000
646	-2666608671.435981	2666608670.474628	1.000000
647	-2737648928.761682	2737648927.805280	1.000000
648	-2810467653.552007	2810467652.600847	1.000000
649	-2885106521.684704	2885106520.739077	1.000000
650	-2961608119.134263	2961608118.194456	1.000000
651	-3040015960.398084	3040015959.464383	1.000000
652	-3120374507.266382	3120374506.339072	1.000000
653	-3202729187.941910	3202729187.021274	1.000000
654	-3287126416.515216	3287126415.601534	1.000000
655	-3373613612.801772	3373613611.895321	1.000000
656	-3462239222.546825	3462239221.647883	1.000000
657	-3553052738.004519	3553052737.113359	1.000000
658	-3646104718.897313	3646104718.014206	1.000000
659	-3741446813.762464	3741446812.887680	1.000000
660	-3839131781.691767	3839131780.825572	1.000000
661	-3939213514.471540	3939213513.614197	1.000000
662	-4041747059.129243	4041747058.281015	1.000000
663	-4146788640.893918	4146788640.055062	1.000000
664	-4254395686.577040	4254395685.747811	1.000000
665	-4364626848.381209	4364626847.561861	1.000000
666	-4477542028.143480	4477542027.334262	1.000000
667	-4593202402.020851	4593202401.222009	1.000000
668	-4711670445.625233	4711670444.837010	1.000000
669	-4833009959.615238	4833009958.837875	1.000000
670	-4957286095.752693	4957286094.986427	1.000000
671	-5084565383.431196	5084565382.676260	1.000000
672	-5214915756.685027	5214915755.941651	1.000000
673	-5348406581.685830	5348406580.954240	1.000000
674	-5485108684.735705	5485108684.016125	1.000000
675	-5625094380.764333	5625094380.056980	1.000000
676	-5768437502.338999	5768437501.644090	1.000000
677	-5915213429.195455	5915213428.513202	1.000000
678	-6065499118.298616	6065499117.629227	1.000000
679	-6219373134.441418	6219373133.785095	1.000000
680	-6376915681.391018	6376915680.747962	1.000000
681	-6538208633.590895	6538208632.961302	1.000000
682	-6703335568.428391	6703335567.812452	1.000000
683	-6872381799.076419	6872381798.474323	1.000000
684	-7045434407.919241	7045434407.331171	1.000000
685	-7222582280.571234	7222582279.997369	1.000000
686	-7403916140.498854	7403916139.939368	1.000000
687	-7589528584.255055	7589528583.710119	1.000000
688	-7779514117.336606	7779514116.806386	1.000000
689	-7973969190.673780	7973969190.158438	1.000000
690	-8172992237.763320	8172992237.263013	1.000000
691	-8376683712.454348	8376683711.969227	1.000000
692	-8585146127.398420	8585146126.928635	1.000000
693	-8798484093.173697	8798484092.719389	1.000000
694	-9016804358.094801	9016804357.656109	1.000000
695	-9240215848.718626	9240215848.295683	1.000000
696	-9468829711.057924	9468829710.650860	1.000000
697	-9702759352.513300	9702759352.122238	1.000000
698	-9942120484.535801	9942120484.160862	1.000000
699	-10187031166.031027	10187031165.672323	1.000000
700	-10437611847.517241	10437611847.174881	1.000000
701	-10693985416.048830	10693985415.722921	1.000000
702	-10956277240.917910	10956277240.608549	1.000000
703	-11224615220.145683	11224615219.852966	1.000000
704	-11499129827.776871	11499129827.500885	1.000000
705	-11779954161.989000	11779954161.729832	1.000000
706	-12067223994.030388	12067223993.788113	1.000000
707	-12361077817.998856	12361077817.773550	1.000000
708	-12661656901.475424	12661656901.267157	1.000000
709	-12969105337.025412	12969105336.834244	1.000000
710	-13283570094.581594	13283570094.407587	1.000000
711	-13605201074.722107	13605201074.565311	1.000000
712	-13934151162.858334	13934151162.718798	1.000000
713	-14270576284.345684	14270576284.223450	1.000000
714	-14614635460.532961	14614635460.428066	1.000000
715	-14966490865.763765	14966490865.676243	1.000000
716	-15326307885.345711	15326307885.275587	1.000000
717	-15694255174.501728	15694255174.449024	1.000000
718	-16070504718.319216	16070504718.283947	1.000000
719	-16455231892.712400	16455231892.694578	1.000000
720	-16848615526.413115	16848615526.412745	1.000000
